<example1>
[30, 76, 47, 59, 76, 55, 62, 82, 24, 58]
</example1>

<vtrace-value1>
[24, 30, 47, 55, 58, 59, 62, 76, 76, 82]
</vtrace-value1>

<example2>
[49,4,53,32,47,21,32,45,6,59,19,30,81,38,25,47,5,60,40,82,12,23,92,52,85,11,82,13,47,79]
</example2>

<vtrace-value2>
[4,5,6,11,12,13,19,21,23,25,30,32,32,38,40,45,47,47,47,49,52,53,59,60,79,81,82,82,85,92]
</vtrace-value2>

<example3>
[83, 4, 59, 91, 3, 30, 53, 42, 98, 48, 6, 53, 30, 2, 9, 96, 69, 31, 4, 14]
</example3>

<vtrace-value3>
[2, 3, 4, 4, 6, 9, 14, 30, 30, 31, 42, 48, 53, 53, 59, 69, 83, 91, 96, 98]
</vtrace-value3>